-2.204512 -15.497171 248.718613 -2.209278 -15.503424 251.295715
-3.739841 -14.266369 251.330978 -3.742254 -14.256242 249.245453
-2.108115 -15.424329 250.929794 -2.109148 -15.415878 248.848114
-2.198976 -15.511838 251.317825 -3.721575 -14.281147 251.334122
-3.703053 -14.285922 248.733719 -2.220155 -15.484494 248.710480
-2.018339 -15.456171 250.765060 -2.014719 -15.446767 248.956528
-1.540937 -14.883881 248.953323 -1.534738 -14.881604 250.756332
-3.567885 -14.504252 249.459946 -3.550070 -14.528161 251.025330
-3.442322 -14.618181 251.250824 -2.363675 -15.506332 251.305145
-2.873955 -15.071644 248.685883 -3.667505 -14.242700 248.713440
-2.344913 -15.516522 250.415787 -2.313320 -15.536341 249.368683
-3.575956 -14.081968 248.714890 -2.950759 -13.330305 248.718475
-1.489722 -14.679125 250.832123 -2.095540 -15.408818 250.851105
-2.927193 -15.033355 249.756531 -2.964649 -15.008091 250.698822
-1.880076 -15.780096 249.813828 -1.911851 -15.756744 250.673599
-3.168541 -14.722296 249.833923 -3.164917 -14.728236 250.601837
-1.875593 -15.283824 249.787979 -1.880499 -15.291745 250.529175
-2.023848 -15.457531 248.927261 -1.555615 -14.901265 248.933975
-3.328918 -14.706674 250.429962 -3.267897 -14.753182 249.800369
-1.709722 -15.923445 250.763779 -1.709593 -15.921632 250.175858
-2.731346 -15.070569 250.857208 -3.183296 -14.702572 250.871353
-3.228258 -13.623593 249.339188 -3.548395 -14.008266 249.329941
-3.540025 -13.999196 249.787170 -3.545328 -14.006575 250.253281
-1.600131 -14.958840 250.595383 -1.602905 -14.960837 250.135422
-2.842310 -14.985837 249.793411 -3.178715 -14.713948 249.802261
-1.527994 -14.873675 250.785889 -1.798721 -15.195323 250.789215
-1.868442 -15.277622 250.600723 -1.611410 -14.972285 250.611328
-3.498837 -13.950501 250.156677 -3.245136 -13.645655 250.163193
-3.240035 -14.775837 249.753265 -2.957848 -15.007900 249.718704
-3.159959 -14.732342 250.627075 -2.880715 -14.958039 250.621094
-3.727503 -14.222880 249.046906 -3.507019 -13.958043 249.096710
-3.539722 -13.999850 250.257996 -3.317388 -13.732709 250.270676
-2.974153 -15.000447 250.729034 -3.200315 -14.814297 250.729599
-3.314063 -13.723637 249.844788 -3.311133 -13.728684 249.567352
-1.479636 -14.661427 249.640305 -1.459786 -14.638742 249.902481
-1.744712 -15.129128 250.070267 -1.755238 -15.140906 249.812485
-2.237722 -15.490615 250.616852 -2.250575 -15.464757 250.845657
-1.605956 -14.964341 250.092590 -1.739478 -15.122897 250.065964
-3.732819 -14.262643 248.933105 -3.723479 -14.269443 248.741913
-1.752085 -15.137112 249.795486 -1.865456 -15.271766 249.782410
-3.743482 -14.255288 249.255417 -3.720600 -14.273111 249.084000
-2.579108 -15.199875 250.121201 -2.604587 -15.179862 250.269531
-1.805494 -15.203390 250.796509 -1.711665 -15.091820 250.762497
-2.072918 -15.423177 250.321060 -2.047917 -15.428844 250.180283
